-6.712873783717798304e+00
-4.719938709061896276e+00
-3.586868123156146115e+00
-2.759138970324628737e+00
-2.266108626434901296e+00
-2.031218920697023478e+00
-1.884820676965613062e+00
-1.705124434687804280e+00
-1.557449849792998497e+00
-1.462150299360593042e+00
-1.434935712340702940e+00
-1.379465628828099755e+00
-1.353849112288718626e+00
-1.324444711472155589e+00
-1.303568228923685623e+00
-1.290684043573876227e+00
-1.266953116228048959e+00
-1.256864177878237454e+00
-1.239249832336030366e+00
-1.230630747997328633e+00
-1.211092613510991622e+00
-1.191800578062041982e+00
-1.191875027920845209e+00
-1.165576718427696390e+00
-1.152263443857033387e+00
-1.127521176589770358e+00
-1.116037150998732796e+00
-1.103993359106792305e+00
-1.079122127009816356e+00
-1.070954372501661256e+00
-1.030791087021663888e+00
-9.895606947697234146e-01
-9.261766815391644370e-01
-8.777729047421303221e-01
-8.673271228688459455e-01
-8.675534494865895230e-01
-8.627551526157005712e-01
-8.709629627484849479e-01
-8.692598533786675130e-01
-8.623664148309815314e-01
