6.103942927190791901e-01
5.300158299855602939e-01
5.199152799226742783e-01
5.190996397949583230e-01
5.134599777050155023e-01
5.070738727236320242e-01
5.075240930286426533e-01
5.092192310628399499e-01
5.082141985110290028e-01
5.086784974638508539e-01
5.083143350395535887e-01
5.070407318673576524e-01
5.077287440703860399e-01
5.073288162329703255e-01
5.059017288071517848e-01
5.063822909787092375e-01
5.071878308301046578e-01
5.078647174969774802e-01
5.076209727333170774e-01
5.070239191791106048e-01
5.068350113128828882e-01
5.059409609385714379e-01
5.058580362675922926e-01
5.057141661049484593e-01
5.052552032025811046e-01
5.050925566107525855e-01
5.049285974380476327e-01
5.048080699227424084e-01
5.043471184710043298e-01
5.040900276734955332e-01
5.040312247912012156e-01
5.040694711992320665e-01
5.039634327541303582e-01
