1.512898706377340204e+03
8.812441234295331469e+02
7.061173372342395851e+02
5.807571717951028631e+02
5.119791659314815888e+02
4.699730541225126217e+02
4.318603525137170323e+02
4.033304228669696840e+02
3.727373322632810186e+02
3.514436746653887553e+02
3.321423416388182659e+02
3.095009739618727167e+02
3.033779364382870654e+02
2.920476226800299173e+02
2.802683295030445834e+02
2.714216757400128586e+02
2.670173419593783706e+02
2.677959626002577807e+02
2.590406003014601879e+02
2.536923863879661951e+02
2.479886069195931100e+02
2.452587115245213738e+02
2.438605315494037882e+02
2.361385903425440915e+02
2.350386083945501809e+02
2.369950150329764824e+02
2.344811152319551013e+02
2.303209204205689105e+02
2.263572446426621241e+02
2.202482982550205577e+02
2.194717225173139639e+02
2.106370773557989935e+02
2.063665432083805911e+02
